0.326732673	0.522332506	0.291338583	0.094339623	0.266666667	0.038461538
0.419141914	0.661290323	0.645669291	0.58490566	0.733333333	0.346153846
0.313531353	0.718362283	0.692913386	0.377358491	0.6	0.346153846
0.349834983	0.739454094	0.362204724	0.056603774	0.333333333	0.5
0.432343234	0.899503722	0.228346457	0.113207547	0.266666667	0.230769231
0.353135314	0.712158809	0.244094488	0.169811321	0.666666667	0.192307692
0.686468647	0.3808933	0.881889764	0.056603774	0.8	0.538461538
0.188118812	0.945409429	0.275590551	0.358490566	0.4	0.115384615
0.693069307	0.289081886	0.62992126	0.301886792	0.466666667	0.615384615
0.471947195	0.720843672	0.771653543	0.245283019	0.333333333	0.653846154
0.633663366	0	0.133858268	0.037735849	0.333333333	0.307692308
0.346534653	0.843672457	0.62992126	0.283018868	0.866666667	1
0.448844884	0.915632754	0.196850394	0.075471698	0.133333333	0.038461538
0.356435644	0.6191067	0.062992126	0	0.2	0.230769231
0.112211221	0.508684864	0.417322835	0.056603774	0.266666667	0.615384615
0.858085809	0.763027295	0.173228346	0.075471698	0.4	0.269230769
0.346534653	0.802729529	0.385826772	0.150943396	0.266666667	0.730769231
0.085808581	0.8808933	0.236220472	0.150943396	0.2	0.230769231
0.462046205	0.85235732	0.377952756	0.301886792	0.6	0.461538462
0.735973597	0.629032258	0	0.037735849	0.133333333	0.269230769
0.095709571	0.836228288	0.448818898	0.377358491	0.333333333	0.538461538
0.059405941	0.689826303	0.181102362	0.245283019	0.466666667	0.038461538
0.151815182	0.827543424	0.299212598	0.283018868	0.4	0.230769231
0.148514851	0.885856079	0.25984252	0.188679245	0.4	0.307692308
1	0.359801489	1	0.113207547	0.666666667	0.769230769
0.174917492	0.849875931	0.811023622	0.58490566	0.933333333	0.538461538
0.514851485	0.482630273	0.204724409	0	0.2	0.230769231
0.168316832	0.660049628	0	0.037735849	0.133333333	0
0.534653465	0.47146402	0.984251969	0.339622642	1	0.730769231
0.052805281	0.797766749	0.173228346	0.150943396	0.466666667	0.576923077
0.306930693	0.816377171	0.496062992	0.113207547	0.333333333	0.038461538
0.069306931	0.521091811	0.157480315	0.037735849	0.2	0.269230769
0.270627063	0.838709677	0.519685039	0.358490566	0.6	0.538461538
0.234323432	0.717121588	0.598425197	0.641509434	0.866666667	0.192307692
0.679867987	0.635235732	0.204724409	0.056603774	0.2	0.153846154
0.132013201	0.815136476	0.11023622	0.056603774	0.4	0.384615385
0.442244224	0.358560794	0.125984252	0.226415094	0.266666667	0.038461538
0.448844884	0.720843672	0	0.018867925	0	0.192307692
0.617161716	0.611662531	0.078740157	0.018867925	0.333333333	0.269230769
0.689768977	0.519851117	0.622047244	0	0.333333333	0.846153846
0.194719472	0.785359801	0.251968504	0.188679245	0.4	0.076923077
0.534653465	0.302729529	0.346456693	0.094339623	0.333333333	0.192307692
0.481848185	0.70471464	0.661417323	0.188679245	0.4	0.153846154
0.260726073	0.908188586	0.125984252	0.113207547	0.2	0.269230769
0.458745875	0.434243176	0.456692913	0.075471698	0.4	0.769230769
0.402640264	0.745657568	0.047244094	0.056603774	0.2	0.269230769
0.01980198	0.554590571	0.102362205	0.056603774	0.266666667	0.115384615
0.422442244	0.906947891	0.047244094	0.037735849	0.133333333	0.076923077
0.194719472	0.776674938	0.732283465	1	0.8	0.5
0.468646865	0.718362283	0.149606299	0	0.4	0.423076923
0.158415842	0.906947891	0.173228346	0.056603774	0.066666667	0.115384615
0	0.901985112	0.141732283	0.132075472	0.266666667	0.076923077
0.518151815	0.636476427	0.196850394	0.132075472	0.266666667	0.615384615
0.495049505	0.85235732	0.519685039	0.056603774	0.266666667	0.346153846
0.158415842	0.796526055	0.472440945	0.245283019	0.333333333	0.230769231
0.297029703	0.671215881	0.125984252	0.037735849	0.333333333	0.038461538
0.306930693	0.748138958	0.031496063	0.075471698	0.133333333	0.115384615
0.072607261	0.698511166	0.362204724	0.150943396	0.6	0.423076923
0.452145215	0.689826303	0.244094488	0.320754717	0.666666667	0.192307692
0.237623762	0.671215881	0.362204724	0.20754717	0.266666667	0.346153846
0.145214521	0.722084367	0.188976378	0.113207547	0.2	0.192307692
0.544554455	0.554590571	0.385826772	0.056603774	0.333333333	0.423076923
0.290429043	0.714640199	0.25984252	0.188679245	0.4	0.423076923
0.297029703	0.629032258	0.590551181	0.20754717	0.466666667	1
0.125412541	0.751861042	0.236220472	0.150943396	0.2	0.192307692
0.237623762	0.790322581	0.543307087	0.566037736	0.666666667	0.653846154
0.462046205	0.667493797	0.62992126	0.150943396	0.466666667	0.5
0.102310231	0.818858561	0.228346457	0.094339623	0.2	0.192307692
0.537953795	0.473945409	0.362204724	0.150943396	0.533333333	0.269230769
0.627062706	1	0.157480315	0.056603774	0.133333333	0
0.330033003	0.558312655	0.456692913	0.075471698	0.4	0.346153846
0.405940594	0.877171216	0.023622047	0.075471698	0.066666667	0.038461538
0.412541254	0.697270471	0.433070866	0.377358491	0.733333333	0.307692308
0.409240924	0.789081886	0.527559055	0.150943396	0.4	0.076923077
0.369636964	0.811414392	0.724409449	0.339622642	0.533333333	0.192307692
0.412541254	0.55955335	0.763779528	0.150943396	0.4	0.346153846
0.198019802	0.70719603	0.149606299	0.132075472	0.266666667	0.192307692
0.445544554	0.877171216	0.511811024	0.150943396	0.2	0.576923077
0.267326733	0.744416873	0.535433071	0.301886792	0.333333333	0.692307692
0.669966997	0.633995037	0.519685039	0.20754717	0.466666667	0.807692308
0.650165017	0.79280397	0.023622047	0.018867925	0.066666667	0.153846154
0.125412541	0.732009926	0.102362205	0.056603774	0.266666667	0.076923077
0.201320132	0.769230769	0.31496063	0.094339623	0.533333333	0.192307692
0.201320132	0.833746898	0.496062992	0.547169811	0.4	0.384615385
0.429042904	0.509925558	0.401574803	0.169811321	0.266666667	0.423076923
0.465346535	0.553349876	0.25984252	0.094339623	0.133333333	0.038461538
0.366336634	0.729528536	0.330708661	0.264150943	0.333333333	0.115384615
0.435643564	0.771712159	0.433070866	0.094339623	0.266666667	0.423076923
0.399339934	0.870967742	0.291338583	0.226415094	0.133333333	0.192307692
0.877887789	0.717121588	0.622047244	0.150943396	0.6	0.461538462
0.227722772	0.667493797	0.118110236	0.056603774	0.266666667	0.192307692
0.270627063	0.781637717	0.464566929	0.245283019	0.6	0.115384615
