0.521568627	0.455764075	0.244274809	0.111111111	0.153846154	0.115384615
0.48627451	0.855227882	0.633587786	0.972222222	0.538461538	0.384615385
0.247058824	0.805630027	0.664122137	0.5	0.384615385	0.730769231
0.164705882	0.753351206	0.099236641	0.083333333	0.153846154	0.230769231
0.274509804	0.847184987	0.549618321	0.722222222	0.615384615	0.730769231
0.392156863	0.679624665	0.664122137	0.416666667	0.615384615	0.461538462
0.152941176	0.884718499	0.320610687	0.5	0.307692308	0.269230769
0.250980392	0.378016086	0.770992366	0.555555556	0.461538462	1
0.552941176	0.670241287	0.641221374	0.388888889	0.230769231	0.769230769
0.619607843	0	0.519083969	0.472222222	0.384615385	0.5
0.054901961	0.85924933	0.419847328	0.361111111	0.538461538	0.576923077
0.262745098	0.880697051	0.580152672	0.638888889	0.461538462	0.653846154
0.301960784	0.725201072	0.65648855	0.694444444	0.538461538	0.115384615
0.129411765	0.871313673	0.328244275	0.388888889	0.538461538	0.346153846
0.345098039	0.853887399	0.748091603	0.666666667	0.384615385	0.384615385
0.309803922	0.796246649	0.13740458	0.166666667	0.076923077	0.230769231
0.231372549	0.789544236	0.633587786	0.444444444	0.307692308	0.461538462
0.376470588	0.672922252	0.541984733	0.75	0.769230769	0.269230769
0.309803922	0.749329759	0.183206107	0.111111111	0.153846154	0.153846154
0.141176471	0.532171582	0.320610687	0.416666667	0.538461538	0.769230769
0.098039216	0.706434316	0.175572519	0.194444444	0.076923077	0.076923077
0.454901961	0.873994638	0.816793893	1	0.692307692	0.192307692
1	0.391420912	0.473282443	0.138888889	0.307692308	0.692307692
0.007843137	0.706434316	0.580152672	0.694444444	0.692307692	0.307692308
0.203921569	0.77613941	0	0.055555556	0	0.076923077
0.129411765	0.420911528	0.061068702	0.055555556	0	0.230769231
0.196078431	0.939678284	0.511450382	0.194444444	0.384615385	0.307692308
0.643137255	0.584450402	1	0.388888889	1	0.923076923
0.015686275	0.664879357	0.160305344	0.194444444	0.230769231	0.576923077
0.552941176	0.538873995	0.648854962	0.166666667	0.384615385	0.692307692
0.082352941	0.772117962	0.335877863	0.333333333	0.692307692	0.153846154
0.466666667	0.619302949	0.496183206	0.361111111	0.846153846	0.230769231
0.364705882	0.659517426	0.091603053	0.055555556	0	0.153846154
0.607843137	0.564343164	0.198473282	0.055555556	0.076923077	0.5
0.207843137	0.435656836	0.114503817	0.083333333	0.153846154	0.153846154
0.549019608	0.815013405	0.083969466	0.027777778	0.153846154	0.115384615
0.109803922	0.68766756	0.58778626	0.305555556	0.384615385	0.269230769
0.309803922	0.554959786	0.328244275	0.138888889	0.307692308	0.192307692
0.050980392	0.915549598	0.160305344	0.138888889	0.153846154	0.153846154
0.17254902	0.743967828	0.572519084	0.472222222	0.307692308	0.384615385
0.466666667	0.567024129	0.534351145	0.138888889	0.307692308	0.923076923
0.898039216	0.991957105	0.114503817	0	0.076923077	0.153846154
0.364705882	0.77613941	0.717557252	0.611111111	0.692307692	0.576923077
0.4	0.648793566	0.190839695	0.083333333	0	0.461538462
0.360784314	0.424932976	0.259541985	0.166666667	0.384615385	0.153846154
0.419607843	0.679624665	0.198473282	0.111111111	0.153846154	0.153846154
0.305882353	0.694369973	0.145038168	0.083333333	0.076923077	0
0.239215686	0.731903485	0.251908397	0.111111111	0.076923077	0.269230769
0.470588235	0.455764075	0.152671756	0.277777778	0.230769231	0.153846154
0.674509804	0.565683646	0.503816794	0.277777778	0.153846154	0.653846154
0.101960784	0.533512064	0.122137405	0.027777778	0.076923077	0.192307692
0.329411765	0.575067024	0.442748092	0.194444444	0.230769231	0.230769231
0.470588235	0.349865952	0.061068702	0.083333333	0	0.153846154
0	0.536193029	0.152671756	0.083333333	0.230769231	0.461538462
0.278431373	0.530831099	0.083969466	0.055555556	0.153846154	0.038461538
0.584313725	0.683646113	0.633587786	0.666666667	0.692307692	0.615384615
0.509803922	0.757372654	0.526717557	0.25	0.307692308	0.423076923
0.196078431	0.784182306	0.236641221	0.166666667	0.307692308	0.192307692
0.047058824	0.702412869	0.129770992	0.166666667	0.153846154	0.076923077
0.305882353	0.8230563	0.282442748	0.111111111	0.230769231	0.153846154
0.611764706	0.72922252	0.503816794	0.694444444	1	0.384615385
0.62745098	0.713136729	0.312977099	0.138888889	0.307692308	0.230769231
0.329411765	0.808310992	0.152671756	0.111111111	0.153846154	0.192307692
0.117647059	1	0.13740458	0.083333333	0.076923077	0.115384615
0.470588235	0.459785523	0.20610687	0.111111111	0.076923077	0.269230769
0.415686275	0.844504021	0.786259542	0.944444444	0.384615385	0.653846154
0.607843137	0.72922252	0.297709924	0.027777778	0.076923077	0.384615385
0.6	0.420911528	0.267175573	0.583333333	0.307692308	0.5
0.117647059	0.784182306	0.496183206	0.555555556	0.230769231	0.692307692
0.647058824	0.698391421	0.129770992	0.111111111	0.153846154	0.230769231
0.439215686	0.762734584	0.65648855	0.222222222	0.307692308	0.692307692
0.17254902	0.664879357	0.06870229	0.138888889	0.153846154	0.076923077
0.494117647	0.656836461	0.145038168	0.138888889	0.230769231	0.230769231
0.070588235	0.747989276	0.13740458	0.166666667	0.153846154	0.269230769
0.239215686	0.709115282	0.389312977	0.611111111	0.230769231	0.461538462
0.388235294	0.513404826	0.183206107	0.111111111	0.307692308	0.115384615
0.160784314	0.739946381	0.129770992	0.083333333	0.153846154	0.230769231
0.168627451	0.840482574	0.34351145	0.194444444	0.461538462	0.615384615
0.866666667	0.766756032	0.641221374	0.111111111	0.307692308	0.423076923
0.109803922	0.796246649	0.244274809	0.194444444	0.230769231	0.115384615
