0.399621212	0.586750789	0.75848564	0.352941176	0.417910448	0.444444444
0.295454545	0.444794953	0.721932115	0.5	0.268656716	0.333333333
0.443181818	0.605678233	0.942558747	0.073529412	0.089552239	0.111111111
0.34469697	0.466876972	0.810704961	0.220588235	0.686567164	0.666666667
0.337121212	0.697160883	0.531331593	0.75	0.71641791	0.888888889
0.196969697	1	0.407310705	0.117647059	0.52238806	0.388888889
0.443181818	0.347003155	0.979112272	0.029411765	0.044776119	0
0.361742424	0.492113565	0.744125326	0.220588235	0.567164179	0.555555556
0.439393939	0.479495268	1	0.102941176	0.223880597	0.333333333
0	0.782334385	0.660574413	0.014705882	0.179104478	0.166666667
0.545454545	0.56466877	0.845953003	0.455882353	0.462686567	0.222222222
0.426136364	0.384858044	0.61227154	0.294117647	0.208955224	0.333333333
0.40719697	0.529968454	0.813315927	0.191176471	0.373134328	0.5
0.549242424	0.479495268	0.904699739	0.308823529	0.268656716	0.333333333
0.40530303	0.652996845	0.869451697	0.176470588	0.358208955	0.388888889
0.28219697	0.56466877	0.707571802	0.514705882	0.179104478	0.277777778
0.498106061	0.416403785	0.810704961	0.441176471	0.47761194	0.5
0.380681818	0.100946372	0.565274151	0.044117647	0.104477612	0
0.446969697	0.488958991	0.664490862	0.058823529	0.119402985	0.166666667
0.356060606	0.476340694	0.838120104	0.117647059	0.343283582	0.444444444
0.683712121	0.34384858	0.493472585	0.058823529	0	0.111111111
0.335227273	0.65615142	0.856396867	0.205882353	0.164179104	0.222222222
0.496212121	0.498422713	0.860313316	0.176470588	0.328358209	0.611111111
0.392045455	0.463722397	0.61227154	0	0.23880597	0.166666667
0.486742424	0	0.81462141	0.279411765	0.358208955	0.333333333
0.509469697	0.586750789	0.909921671	0.220588235	0.582089552	0.666666667
0.433712121	0.649842271	0.434725849	0.014705882	0.134328358	0.222222222
0.314393939	0.495268139	0.85770235	0.544117647	0.567164179	0.555555556
0.371212121	0.804416404	0.731070496	0.455882353	0.223880597	0.555555556
0.433712121	0.507886435	0.676240209	0.397058824	0.343283582	0.444444444
0.1875	0.501577287	0.565274151	0.102941176	0.059701493	0.055555556
0.494318182	0.29022082	0.834203655	0.073529412	0.059701493	0.055555556
0.357954545	0.047318612	0.761096606	0.132352941	0.388059701	0.611111111
0.297348485	0.605678233	0.736292428	0.117647059	0.208955224	0.222222222
0.350378788	0.447949527	0.881201044	0.441176471	0.194029851	0.555555556
0.380681818	0.410094637	0.822454308	0.352941176	0.253731343	0.333333333
0.445075758	0.577287066	0.716710183	0.264705882	0.313432836	0.333333333
0.301136364	0.429022082	0.798955614	0.676470588	0.656716418	0.444444444
0.352272727	0.47318612	0.699738903	0.294117647	0.28358209	0.5
0.397727273	0.463722397	0.72845953	0.117647059	0.23880597	0.222222222
0.075757576	0.110410095	0.731070496	0.029411765	0.104477612	0.388888889
0.452651515	0.429022082	0.950391645	0.191176471	0.179104478	0.111111111
0.494318182	0.624605678	0.889033943	0.176470588	0.432835821	0.444444444
0.361742424	0.529968454	0.85770235	0.338235294	0.47761194	0.5
0.075757576	0.690851735	0.745430809	0.323529412	0.910447761	0.5
0.509469697	0.782334385	0.774151436	0.823529412	0.402985075	0.722222222
0.450757576	0.507886435	0.930809399	0.558823529	0.253731343	0.166666667
0.340909091	0.813880126	0.891644909	0.132352941	0.298507463	0.277777778
0.46780303	0.422712934	0.646214099	0.117647059	0.373134328	0.388888889
0.380681818	0.517350158	0.677545692	0.308823529	0.432835821	0.666666667
0.429924242	0.668769716	0.95691906	0.514705882	0.253731343	0.222222222
0.410984848	0.517350158	0.776762402	0.352941176	0.71641791	0.666666667
0.357954545	0.744479495	0.729765013	0.235294118	0.492537313	0.444444444
0.446969697	0.599369085	0.912532637	1	0.791044776	1
0.462121212	0.760252366	0.729765013	0.205882353	0.611940299	0.388888889
0.501893939	0.542586751	0.882506527	0.779411765	0.388059701	0.388888889
0.410984848	0.596214511	0.822454308	0.176470588	0.28358209	0.333333333
0.526515152	0.406940063	0.903394256	0.147058824	0.074626866	0.166666667
0.401515152	0.624605678	0.879895561	0.441176471	0.805970149	0.888888889
0.496212121	0.694006309	0.90078329	0.220588235	0.298507463	0.722222222
0.46969697	0.425867508	0.584856397	0.029411765	0.029850746	0
0.464015152	0.649842271	0.882506527	0.088235294	0.149253731	0.055555556
0.284090909	0.495268139	0.817232376	0.397058824	0.313432836	0.444444444
0.397727273	0.454258675	0.797650131	0.058823529	0.104477612	0.277777778
0.287878788	0.501577287	0.768929504	0.132352941	0.432835821	0.388888889
0.373106061	0.599369085	0.57310705	0.161764706	0.179104478	0.277777778
0.380681818	0.451104101	0.677545692	0.132352941	0.373134328	0.555555556
0.393939394	0.529968454	0.949086162	0.367647059	0.328358209	0.333333333
0.267045455	0.498422713	0.727154047	0.044117647	0.059701493	0.166666667
0.566287879	0.593059937	0.925587467	0.397058824	0.402985075	0.555555556
0.403409091	0.791798107	0.710182768	0.632352941	1	0.333333333
0.221590909	0.722397476	0.515665796	0.338235294	0.552238806	0.611111111
0.460227273	0.463722397	0.845953003	0.176470588	0.223880597	0.444444444
0.363636364	0.52681388	0.908616188	0.235294118	0.194029851	0.555555556
0.450757576	0.476340694	0.804177546	0.176470588	0.313432836	0.333333333
0.390151515	0.640378549	0.911227154	0.235294118	0.47761194	0.722222222
0.263257576	0.104100946	0.751958225	0.176470588	0.074626866	0.111111111
0.329545455	0.533123028	0.779373368	0.294117647	0.462686567	0.444444444
0.433712121	0.52681388	0.815926893	0.338235294	0.179104478	0.222222222
0.371212121	0.615141956	0.624020888	0.044117647	0.388059701	0.222222222
0.473484848	0.488958991	0.95691906	0.411764706	0.208955224	0.5
0.320075758	0.529968454	0.821148825	0.838235294	0.432835821	0.777777778
0.452651515	0.539432177	0.819843342	0.235294118	0.208955224	0.277777778
0.325757576	0.624605678	0.579634465	0.382352941	0.208955224	0.444444444
0.46780303	0.548895899	0.859007833	0.176470588	0.313432836	0.333333333
0.28219697	0.394321767	0.920365535	0.073529412	0.074626866	0.055555556
0.507575758	0.558359621	0.852480418	0.602941176	0.447761194	0.555555556
0.462121212	0.394321767	0.720626632	0.088235294	0.253731343	0.055555556
0.329545455	0.123028391	0.891644909	0.029411765	0.223880597	0.222222222
0.331439394	0.659305994	0.753263708	0.161764706	0.582089552	0.388888889
0.420454545	0.56466877	0.84464752	0.352941176	0.447761194	0.722222222
0.340909091	0.630914826	0.742819843	0.132352941	0.28358209	0.111111111
0.320075758	0.41955836	0.877284595	0.514705882	0.343283582	0.388888889
0.46780303	0.365930599	0.903394256	0.279411765	0.23880597	0.333333333
0.401515152	0.321766562	0.711488251	0.147058824	0.268656716	0.222222222
0.337121212	0.498422713	0.87075718	0.514705882	0.313432836	0.388888889
0.257575758	0.507886435	0.51305483	0.264705882	0.447761194	0.555555556
0.357954545	0.880126183	0.693211488	0.308823529	0.23880597	0.5
0.320075758	0.454258675	0.480417755	0.073529412	0.253731343	0.111111111
0.304924242	0.356466877	0	0.073529412	0.134328358	0.277777778
0.297348485	0.570977918	0.778067885	0.161764706	0.223880597	0.333333333
0.479166667	0.659305994	0.718015666	0.132352941	0.537313433	0.222222222
0.422348485	0.479495268	0.836814621	0.132352941	0.328358209	0.333333333
1	0.542586751	0.806788512	0.264705882	0.23880597	0.222222222
0.382575758	0.309148265	0.584856397	0.279411765	0.208955224	0.5
0.484848485	0.517350158	0.874673629	0.102941176	0.388059701	0.388888889
0.395833333	0.504731861	0.548302872	0.279411765	0.432835821	0.333333333
0.53030303	0.832807571	0.860313316	0.176470588	0.507462687	0.666666667
0.380681818	0.447949527	0.832898172	0.205882353	0.253731343	0.111111111
0.34280303	0.511041009	0.768929504	0.088235294	0.164179104	0.166666667
0.231060606	0.56466877	0.652741514	0.720588235	0.358208955	0.833333333
0.331439394	0.123028391	0.869451697	0.014705882	0.014925373	0
0.119318182	0.599369085	0.798955614	0.617647059	0.611940299	0.666666667
0.416666667	0.596214511	0.701044386	0.088235294	0.134328358	0.111111111
0.422348485	0.517350158	0.839425587	0.191176471	0.417910448	0.222222222
0.481060606	0.61829653	0.874673629	0.308823529	0.447761194	0.444444444
0.301136364	0.596214511	0.766318538	0.147058824	0.253731343	0.333333333
0.517045455	0.312302839	0.580939948	0.073529412	0.28358209	0.277777778
