0.611607143	0.798882682	0.314285714	0.341463415	0.533333333	0.130434783
0.892857143	0.824953445	0.55	0.219512195	0.333333333	0.391304348
0.9375	0.856610801	0.371428571	0.243902439	0.4	0.47826087
0.96875	0.623836127	0.457142857	0.243902439	0.533333333	0.347826087
0.401785714	0.836126629	0.5	0.536585366	0.933333333	0.304347826
0.669642857	0.830540037	0.357142857	0.268292683	0.133333333	0.565217391
0.544642857	0.82122905	0.414285714	0.43902439	0.4	0.260869565
0.674107143	0.584729981	0.778571429	0.902439024	0.466666667	0.173913043
0.8125	0.82122905	0.285714286	0.951219512	0.4	0.260869565
0.6875	0.64990689	0.085714286	0.048780488	0.133333333	0.173913043
0.700892857	0.90689013	0.314285714	0.170731707	0.2	0.260869565
0.794642857	0.890130354	0.335714286	0.170731707	0.4	0.304347826
0.90625	0.770949721	0.714285714	0.756097561	0.666666667	0.173913043
0.535714286	0.938547486	0.392857143	0.268292683	0.333333333	0.391304348
0.558035714	0.90689013	0.25	0.146341463	0.333333333	0.260869565
0.638392857	0.90689013	0.507142857	0.43902439	0.466666667	0.217391304
1	0.43575419	0.257142857	0.170731707	0.266666667	0.086956522
0.959821429	0.5716946	0.185714286	0.243902439	0.2	0.086956522
0.482142857	0.994413408	0.264285714	0.390243902	0.466666667	0.130434783
0.508928571	0.741154562	0.171428571	0.12195122	0.4	0.217391304
0.642857143	0.52886406	0.028571429	0.024390244	0.066666667	0
0.638392857	0.903165736	0.221428571	0.146341463	0.4	0.304347826
0.665178571	0.854748603	0.614285714	0.756097561	0.6	0.130434783
0.674107143	1	0.45	0.707317073	0.533333333	0.260869565
0.642857143	0.612662942	0.414285714	0.219512195	0.733333333	0.173913043
0.705357143	0.497206704	0.292857143	0.097560976	0.2	0.347826087
0.392857143	0.867783985	0.4	0.292682927	0.333333333	0.173913043
0.049107143	0.733705773	0	0.073170732	0	0.086956522
0.96875	0.422718808	0.421428571	0.12195122	0.333333333	0.391304348
0.611607143	0.720670391	0.371428571	0.219512195	0.4	0.086956522
0.379464286	0.685288641	0.185714286	0.12195122	0.2	0.086956522
0.727678571	0.731843575	0.178571429	0.195121951	0.2	0
0	0.262569832	0.092857143	0.12195122	0.266666667	0.130434783
0.901785714	0.620111732	0.142857143	0	0	0
0.875	0.65735568	0.264285714	0.097560976	0.2	0.173913043
0.575892857	0.746741155	0.057142857	0.146341463	0.133333333	0.260869565
0.25	0.981378026	0.257142857	0.097560976	0.266666667	0.304347826
0.544642857	0.553072626	0.207142857	0.317073171	0.533333333	0.391304348
0.59375	0.348230912	0.128571429	0.048780488	0.2	0.130434783
0.397321429	0.674115456	0.085714286	0.12195122	0.2	0.173913043
0.674107143	0.515828678	0.35	0.268292683	0.2	0.217391304
0.642857143	0.767225326	0.342857143	0.365853659	0.8	0.347826087
0.78125	0.500931099	0.207142857	0.073170732	0.133333333	0
0.71875	0.711359404	0.342857143	0.146341463	0.6	0.130434783
0.616071429	0.648044693	0.178571429	0.073170732	0.133333333	0.130434783
0.741071429	0	0.271428571	0.097560976	0.266666667	0.304347826
0.973214286	0.765363128	0.292857143	0.487804878	0.4	0.304347826
0.424107143	0.878957169	0.092857143	0.073170732	0	0
0.665178571	0.540037244	0.535714286	1	1	0.869565217
0.553571429	0.972067039	1	0.585365854	0.333333333	0.130434783
0.401785714	0.711359404	0.1	0.024390244	0.133333333	0.173913043
0.75	0.627560521	0.657142857	0.243902439	0.2	0.434782609
0.651785714	0.862197393	0.542857143	0.487804878	0.6	0.47826087
0.866071429	0.404096834	0.228571429	0.073170732	0.133333333	0.347826087
0.495535714	0.705772812	0.292857143	0.195121951	0.533333333	0.130434783
0.696428571	0.839851024	0.528571429	0.487804878	0.466666667	0.086956522
0.40625	0.750465549	0.121428571	0.12195122	0.133333333	0.086956522
0.803571429	0.746741155	0.15	0.219512195	0.266666667	0.130434783
0.491071429	0.878957169	0.371428571	0.292682927	0.6	0.217391304
0.90625	0.718808194	0.185714286	0.170731707	0.133333333	0.260869565
0.785714286	0.798882682	0.457142857	0.585365854	0.866666667	0.347826087
0.629464286	0.901303538	0.307142857	0.170731707	0.266666667	0.217391304
0.459821429	0.540037244	0.221428571	0.097560976	0.2	0.173913043
0.825892857	0.7858473	0.457142857	0.048780488	0.2	1
0.4375	0.947858473	0.178571429	0.146341463	0.333333333	0.304347826
0.486607143	0.82867784	0.242857143	0.097560976	0.2	0.130434783
0.602678571	0.592178771	0.45	0.195121951	0.333333333	0.52173913
0.84375	0.705772812	0.292857143	0.219512195	0.666666667	0.086956522
0.861607143	0.642458101	0.192857143	0.097560976	0.2	0.217391304
0.776785714	0.875232775	0.642857143	0.487804878	0.6	0.173913043
0.477678571	0.839851024	0.285714286	0.12195122	0.266666667	0.043478261
0.473214286	0.666666667	0.357142857	0.219512195	0.733333333	0.652173913
0.602678571	0.808193669	0.492857143	0.146341463	0.2	0.086956522
0.370535714	0.769087523	0.221428571	0.243902439	0.4	0.043478261
0.209821429	0.875232775	0.428571429	0.195121951	0.4	0.391304348
0.696428571	0.800744879	0.785714286	0.512195122	0.466666667	0.086956522
