0.576519916	0.265402844	0.411330049	0.166666667	0.227272727	0.219512195
0.834381551	0.393364929	0.793103448	0.453703704	0.318181818	0.512195122
0.350104822	0.611374408	0.57635468	0.111111111	0.227272727	0.170731707
0.874213836	0.426540284	0.224137931	0.074074074	0	0.097560976
0	0	0	0	0.090909091	0
0.786163522	0.260663507	0.219211823	0.111111111	0.090909091	0.243902439
0.748427673	0.800947867	0.896551724	0.416666667	0.5	0.707317073
0.555555556	0.355450237	0.903940887	0.148148148	0.090909091	0.073170732
0.677148847	0.241706161	0.761083744	0.407407407	0.636363636	0.780487805
0.649895178	0.739336493	0.667487685	0.222222222	0.681818182	0.512195122
0.731656184	0.156398104	0.532019704	0.481481481	0.363636364	0.536585366
0.857442348	0.677725118	0.854679803	0.953703704	0.909090909	0.902439024
0.622641509	0.170616114	0	0.055555556	0	0.024390244
0.698113208	0.426540284	1	0.527777778	0.272727273	0.536585366
1	0.393364929	0.477832512	0.083333333	0.136363636	0.195121951
0.838574423	0.563981043	0.86453202	0.490740741	0.409090909	0.487804878
0.777777778	0.616113744	0.74137931	0.935185185	0.545454545	0.853658537
0.696016771	0.521327014	0.881773399	0.675925926	0.409090909	0.87804878
0.675052411	0.374407583	0.820197044	0.62037037	0.409090909	0.463414634
0.578616352	0.469194313	0.600985222	0.296296296	0.454545455	0.56097561
0.649895178	0.345971564	0.54679803	0.268518519	0.181818182	0.268292683
0.419287212	0.312796209	0.990147783	0.203703704	0.181818182	0.146341463
0.836477987	0.63507109	0.669950739	0.231481481	0.363636364	0.512195122
0.729559748	0.312796209	0.588669951	0.62962963	0.545454545	0.902439024
0.825995807	0.55450237	0.581280788	0.240740741	0.227272727	0.390243902
0.628930818	0.047393365	0.174876847	0.12962963	0.136363636	0.146341463
0.84067086	0.473933649	0.743842365	0.518518519	0.409090909	0.609756098
0.863731656	0.663507109	0.842364532	0.425925926	0.272727273	0.536585366
0.677148847	0.379146919	0.519704433	0.018518519	0.045454545	0.243902439
0.786163522	0.369668246	0.724137931	0.148148148	0.227272727	0.243902439
0.704402516	0.402843602	0.753694581	0.305555556	0.181818182	0.43902439
0.620545073	0.255924171	0.655172414	0.731481481	0.772727273	1
0.750524109	0.298578199	0.802955665	0.37037037	0.409090909	0.463414634
0.752620545	0.236966825	0.78817734	0.425925926	0.318181818	0.463414634
0.731656184	0.497630332	0.854679803	0.324074074	0.136363636	0.365853659
0.765199161	0.450236967	0.871921182	0.787037037	0.5	0.609756098
0.765199161	0.469194313	0.795566502	0.564814815	0.636363636	0.853658537
0.788259958	0.227488152	0.665024631	0.194444444	0.227272727	0.12195122
0.788259958	0.440758294	0.65270936	0.583333333	0.590909091	0.87804878
0.679245283	0.54028436	0.928571429	0.101851852	0.181818182	0.268292683
0.71278826	0.739336493	0.798029557	0.351851852	0.545454545	0.585365854
0.922431866	0.511848341	0.943349754	0.462962963	0.545454545	0.56097561
0.819706499	0.279620853	0.689655172	0.138888889	0.090909091	0.292682927
0.620545073	0.236966825	0.426108374	0.203703704	0.181818182	0.243902439
0.752620545	0.417061611	0.913793103	0.194444444	0.454545455	0.390243902
0.773584906	0.450236967	0.573891626	0.564814815	0.772727273	0.609756098
0.679245283	0.308056872	0.869458128	0.574074074	0.363636364	0.512195122
0.817610063	0.488151659	0.60591133	0.231481481	0.363636364	0.365853659
0.740041929	0.379146919	0.655172414	0.12037037	0.136363636	0.073170732
0.488469602	0.568720379	0.167487685	1	1	0.951219512
0.419287212	0.478672986	0.795566502	0.444444444	0.272727273	0.634146341
0.725366876	0.336492891	0.960591133	0.268518519	0.181818182	0.341463415
0.740041929	0.421800948	0.751231527	0.731481481	0.727272727	0.756097561
0.605870021	0.407582938	0.901477833	0.444444444	0.454545455	0.634146341
0.857442348	1	0.75862069	0.083333333	0.181818182	0.219512195
0.599580713	0.360189573	0.480295567	0.157407407	0.272727273	0.170731707
0.691823899	0.379146919	0.842364532	0.722222222	0.818181818	1
0.752620545	0.246445498	0.573891626	0.240740741	0.272727273	0.243902439
0.737945493	0.701421801	0.568965517	0.259259259	0.318181818	0.195121951
0	0.767772512	0.92364532	0.296296296	0.181818182	0.414634146
0.916142558	0.488151659	0.948275862	0.509259259	0.818181818	0.975609756
0.828092243	0.341232227	0.615763547	0.407407407	0.272727273	0.43902439
0.5639413	0.867298578	0	0.074074074	0.136363636	0.097560976
0.335429769	0.535545024	0.665024631	0.314814815	0.363636364	0.658536585
0.815513627	0.677725118	0.761083744	0.148148148	0.318181818	0.341463415
0.748427673	0.758293839	0.662561576	0.574074074	0.5	0.634146341
0.846960168	0.781990521	0.650246305	0.398148148	0.409090909	0.512195122
0.457023061	0.469194313	0.733990148	0.37962963	0.363636364	0.43902439
