0.421238938	0.467391304	0.231557377	0.010989011	0.058823529	0.055555556
0.628318584	0.591304348	0.43647541	0.32967033	0.129411765	0.333333333
0.557522124	0.5	0.534836066	0.263736264	0.070588235	0.388888889
0.548672566	0.619565217	0.452868852	0.615384615	0.670588235	0.944444444
0.649557522	0.613043478	0.528688525	0.461538462	0.341176471	0.722222222
0.723893805	0.582608696	0.594262295	0.395604396	0.141176471	0.222222222
0.592920354	0.55	0.360655738	0.208791209	0.117647059	0.222222222
0.709734513	0.452173913	0.506147541	0.318681319	0.117647059	0.277777778
0.569911504	0.547826087	0.612704918	0.263736264	0.188235294	0.5
0.649557522	0.52826087	0.553278689	0.483516484	0.305882353	0.611111111
0.669026549	0.57173913	0.668032787	0.703296703	0.329411765	0.5
0.513274336	0.52826087	0.668032787	0.582417582	0.235294118	0.888888889
0.697345133	0.389130435	0.385245902	0.054945055	0.023529412	0.166666667
0.575221239	0.630434783	0.702868852	0.296703297	0.176470588	0.277777778
0.45840708	0.558695652	0.68647541	0.230769231	0.152941176	0.444444444
0.486725664	0.610869565	0.268442623	0.208791209	0.082352941	0.444444444
0.474336283	0.493478261	0.401639344	0.175824176	0.141176471	0.777777778
0.221238938	0.591304348	0.528688525	0.230769231	0.223529412	0.277777778
0.631858407	0.315217391	0.407786885	0.010989011	0.035294118	0.111111111
0.674336283	0.569565217	0.62704918	0.43956044	0.188235294	0.5
0.638938053	0.573913043	0.68852459	0.505494505	0.317647059	0.833333333
0	0.434782609	0.227459016	0.131868132	0.047058824	0.222222222
0.884955752	0.789130435	0.043032787	0.120879121	0.070588235	0.222222222
0	0.419565217	0.526639344	0.318681319	0.082352941	0.111111111
0.667256637	0.57826087	0.268442623	0.241758242	0.094117647	0.277777778
0.665486726	0.554347826	0.567622951	0.483516484	0.341176471	0.833333333
0	0.515217391	0.12704918	0.164835165	0.011764706	0.111111111
0.640707965	0.641304348	0.702868852	0.153846154	0.129411765	0.5
0.580530973	0.610869565	0.340163934	0.098901099	0.082352941	0.222222222
0.656637168	0.643478261	0.540983607	1	0.235294118	0.833333333
0.837168142	0.613043478	0.407786885	0.10989011	0.117647059	0.222222222
0	0.767391304	0.108606557	0.076923077	0.035294118	0.166666667
0.690265487	0.563043478	0.463114754	0.351648352	0.247058824	0.666666667
0.566371681	0.763043478	0.590163934	0.241758242	0.082352941	0.333333333
0.415929204	0.62173913	0.307377049	0.307692308	0.258823529	0.5
0.727433628	0	0.633196721	0.043956044	0.047058824	0.166666667
0.734513274	0.67826087	0.473360656	0.32967033	0.141176471	0.611111111
0.592920354	0.686956522	0.545081967	0.164835165	0.094117647	0.333333333
0.651327434	0.604347826	0.180327869	0.032967033	0.070588235	0.222222222
0	1	0.391393443	0.120879121	0.047058824	0.166666667
0.530973451	0.615217391	0.602459016	0.142857143	0.047058824	0.111111111
0.472566372	0.515217391	0.557377049	0.296703297	0.152941176	0.388888889
0.353982301	0.708695652	0	0.153846154	0.117647059	0.444444444
0.631858407	0.615217391	0.467213115	0.142857143	0.129411765	0.333333333
0.646017699	0.65	0.795081967	0.736263736	0.317647059	0.777777778
0.500884956	0.42826087	0.56147541	0.087912088	0.070588235	0.166666667
0.589380531	0.767391304	0.522540984	0.703296703	1	0.888888889
0.527433628	0.647826087	0.243852459	0.395604396	0.105882353	0.277777778
0.683185841	0.580434783	0.516393443	0.703296703	0.223529412	0.5
0.378761062	0.710869565	0.194672131	0.10989011	0.141176471	0.277777778
0.738053097	0.563043478	0.528688525	0.252747253	0.129411765	0.333333333
0.594690265	0.613043478	0.682377049	0.428571429	0.152941176	0.277777778
0.56460177	0.823913043	0.467213115	0.505494505	0.188235294	0.388888889
0.647787611	0.556521739	0.493852459	0.516483516	0.247058824	0.388888889
0.67079646	0.641304348	0.24795082	0.21978022	0.070588235	0.388888889
0.562831858	0.589130435	0.676229508	0.285714286	0.164705882	0.333333333
0.610619469	0.713043478	0.674180328	0.395604396	0.164705882	0.5
0.653097345	0.593478261	0.327868852	0.395604396	0.129411765	0.388888889
0.702654867	0.62173913	0.450819672	0.43956044	0.129411765	0.5
0.637168142	0.469565217	0.397540984	0.043956044	0.035294118	0.166666667
0.336283186	0.419565217	0.120901639	0	0.011764706	0.166666667
0.748672566	0.641304348	0.479508197	0.197802198	0.164705882	0.222222222
0.559292035	0.669565217	0.456967213	0.384615385	0.223529412	0.333333333
0.700884956	0.606521739	0.600409836	0.582417582	0.317647059	0.944444444
0.65840708	0.582608696	0.641393443	0.406593407	0.176470588	0.444444444
0.601769912	0.606521739	0.522540984	0.164835165	0.094117647	0.5
0.684955752	0.452173913	0.180327869	0.010989011	0.047058824	0.166666667
0.49380531	0.565217391	0.520491803	0.186813187	0.2	0.333333333
1	0.482608696	1	0	0	0
0.654867257	0.643478261	0.413934426	0.461538462	0.376470588	0.388888889
0.548672566	0.456521739	0.415983607	0.395604396	0.329411765	0.333333333
0.674336283	0.415217391	0.653688525	0.296703297	0.105882353	0.277777778
0.591150442	0.497826087	0.280737705	0.516483516	0.435294118	1
0.619469027	0.639130435	0.604508197	0.527472527	0.188235294	0.388888889
