0.621268657	0.486956522	0.723880597	0.456140351	0.079365079	0.3
0.850746269	0.439130435	0.980099502	0.543859649	0.206349206	0.4
0.789179104	0.739130435	0.883084577	0.50877193	0.349206349	0.2
0.75	0.365217391	0.890547264	0.298245614	0.301587302	0.25
0.615671642	0.591304348	0.71641791	0.649122807	0.714285714	0.4
0.766791045	0.247826087	0.34079602	0.614035088	0.19047619	0.3
0.645522388	0.360869565	0.388059701	0.473684211	0.349206349	0.65
0.76119403	0.334782609	0.746268657	0.333333333	0.158730159	0.3
0.787313433	0.62173913	0.766169154	0.175438596	0.047619048	0.1
0.751865672	0.095652174	0.820895522	0.333333333	0.444444444	0.3
0.606343284	0.413043478	0.791044776	0.368421053	0.492063492	0.4
0.46641791	0.565217391	0.674129353	0.385964912	0.079365079	0.25
0.705223881	0.191304348	0.684079602	0.140350877	0.142857143	0.1
0.559701493	0.57826087	0.669154229	0.719298246	1	0.85
0.679104478	0.486956522	0.828358209	0.385964912	0.666666667	0.6
0.593283582	0.256521739	0.786069652	0.561403509	0.285714286	0.25
0.781716418	0.456521739	0.786069652	0.315789474	0.158730159	0.1
0.361940299	0.417391304	0.728855721	0.403508772	0.206349206	0.3
0.542910448	0.434782609	0.699004975	0.052631579	0.317460317	0.1
0.804104478	0.986956522	0.756218905	0.315789474	0.142857143	0.3
0.755597015	0.42173913	0.915422886	0.210526316	0.26984127	0.1
0.630597015	0.439130435	0.532338308	0.421052632	0.349206349	0.6
0.712686567	0.5	0.907960199	0.315789474	0.444444444	0.35
0.651119403	0.6	0.873134328	0.421052632	0.301587302	0.5
0.570895522	0.230434783	0.890547264	0.245614035	0.428571429	0.3
0.733208955	0.660869565	0.614427861	0.771929825	0.253968254	0.35
0.580223881	0.669565217	0.641791045	0.192982456	0.111111111	0.15
0.587686567	0.265217391	0.843283582	0.157894737	0.333333333	0.15
0.740671642	0.4	1	0.280701754	0.142857143	0.4
0.688432836	0.486956522	0.810945274	0.684210526	0.746031746	0.5
0.481343284	0.22173913	0.937810945	0.315789474	0.412698413	0.4
0.117537313	1	0	0.385964912	0.095238095	0.25
0.714552239	0.395652174	0.985074627	0.438596491	0.365079365	0.45
0.692164179	0.239130435	0.646766169	0.49122807	0.682539683	0.5
1	0.386956522	0.756218905	0.245614035	0.238095238	0.2
0.733208955	0.782608696	0.689054726	1	0.26984127	0.45
0.630597015	0.560869565	0.756218905	0.175438596	0.301587302	0.4
0.649253731	0.252173913	0.823383085	0.228070175	0.507936508	0.25
0.656716418	0.456521739	0.835820896	0.175438596	0.206349206	0.15
0.339552239	0.908695652	0.186567164	0.052631579	0.015873016	0
0.690298507	0	0.674129353	0.333333333	0.222222222	0.25
0.77238806	0.356521739	0.726368159	0.210526316	0.158730159	0.2
0.697761194	0.508695652	0.800995025	0.385964912	0.222222222	0.35
0.438432836	0.047826087	0.315920398	0.087719298	0.126984127	0.2
0	0.973913043	0.268656716	0	0	0.05
0.671641791	0.32173913	0.47761194	0.263157895	0.063492063	0.2
0.895522388	0.604347826	0.825870647	0.964912281	0.587301587	0.3
0.673507463	0.443478261	0.73880597	0.49122807	0.857142857	1
0.722014925	0.373913043	0.805970149	0.350877193	0.158730159	0.3
0.714552239	0.495652174	0.788557214	0.543859649	0.444444444	0.55
0.554104478	0.7	0.671641791	0.526315789	0.142857143	0.45
0.610074627	0.234782609	0.997512438	0.157894737	0.396825397	0.3
0.567164179	0.495652174	0.828358209	0.228070175	0.047619048	0.15
0.621268657	0.334782609	0.751243781	0.245614035	0.238095238	0.15
0.481343284	0.560869565	0.365671642	0.438596491	0.396825397	0.75
0.541044776	0.030434783	0.626865672	0.052631579	0.111111111	0.3
0.746268657	0.269565217	0.641791045	0.01754386	0.063492063	0.15
0.598880597	0.334782609	0.922885572	0.263157895	0.365079365	0.5
0.690298507	0.217391304	0.875621891	0.368421053	0.285714286	0.35
0.611940299	0.426086957	0.810945274	0.263157895	0.174603175	0.3
0.248134328	0.660869565	0.487562189	0.368421053	0.206349206	0.25
0.597014925	0.72173913	0.383084577	0.210526316	0.015873016	0.1
0.583955224	0.513043478	0.452736318	0.701754386	0.253968254	0.55
0.695895522	0.365217391	0.751243781	0.403508772	0.444444444	0.5
0.324626866	0.656521739	0.649253731	0.350877193	0.19047619	0.85
0.475746269	0.473913043	0.63681592	0.807017544	0.888888889	0.7
0.501865672	0.682608696	0.870646766	0.01754386	0.063492063	0.1
0.736940299	0.282608696	0.94278607	0.245614035	0.126984127	0.1
0.664179104	0.22173913	0.507462687	0.403508772	0.26984127	0.3
0.759328358	0.434782609	0.875621891	0.421052632	0.285714286	0.55
0.645522388	0.513043478	0.848258706	0.192982456	0.301587302	0.15
0.498134328	0.643478261	0.781094527	0.824561404	0.301587302	0.3
0.220149254	0.282608696	0.355721393	0.052631579	0.047619048	0.1
