0.516455696	0.508230453	0.145454545	0.11627907	0.1	0.137931034
0.379746835	0.695473251	0.572727273	0.23255814	0.35	0.344827586
0.637974684	0.430041152	0.463636364	0.325581395	0.3	0.379310345
0.387341772	0.648148148	0.345454545	0.325581395	0.45	0.172413793
0.564556962	0.561728395	0.081818182	0.069767442	0.2	0.103448276
0.240506329	0.858024691	0.2	0.23255814	0.25	0.24137931
0.470886076	0.763374486	0.172727273	0.11627907	0.1	0.137931034
0.215189873	0.41563786	0.209090909	0.162790698	0.15	0.103448276
0.529113924	0.823045267	0.809090909	0.418604651	0.65	1
0.33164557	0.689300412	0.190909091	0.11627907	0.15	0.344827586
0.275949367	0.777777778	0.1	0.139534884	0.1	0.068965517
0.610126582	0.444444444	0.145454545	0.023255814	0.15	0.068965517
0.496202532	0.592592593	0.727272727	0.88372093	0.55	0.206896552
0.392405063	0.41563786	0.309090909	0.813953488	0.25	0.137931034
0.820253165	0.635802469	0.227272727	0.093023256	0.25	0.379310345
0.349367089	0.788065844	0.427272727	0.186046512	0.25	0.310344828
0.253164557	0.442386831	0.054545455	0.093023256	0.2	0.068965517
0.212658228	0.450617284	0.445454545	0.325581395	0.25	0.206896552
0.420253165	0.765432099	0.336363636	0.186046512	0.1	0.103448276
0.324050633	0.952674897	0.4	0.302325581	0.3	0.379310345
0.187341772	0.255144033	0.181818182	0.162790698	0.15	0.206896552
0.392405063	0.810699588	0.581818182	0.395348837	0.4	0.275862069
0.435443038	0.683127572	0.054545455	0.093023256	0.1	0.068965517
0.187341772	0.296296296	0.154545455	0.11627907	0.3	0.137931034
0.372151899	0.259259259	0.136363636	0.069767442	0.05	0.137931034
0.425316456	0.596707819	0.072727273	0.069767442	0.1	0.034482759
0.379746835	0.572016461	0.190909091	0.162790698	0.1	0.137931034
0.33164557	0.458847737	0.327272727	0.162790698	0.5	0.172413793
0.37721519	0.744855967	0.127272727	0.186046512	0.35	0.172413793
0.455696203	0.761316872	0.881818182	0.790697674	0.35	0.103448276
0.491139241	0.382716049	0.363636364	0.255813953	0.4	0.068965517
0.513924051	0.5	0.609090909	0.348837209	0.4	0.586206897
0.308860759	0.574074074	0.363636364	0.11627907	0.25	0.172413793
0.291139241	0.635802469	0.209090909	0.372093023	0.3	0.206896552
0.475949367	0.333333333	0.4	0.372093023	0.3	0.172413793
0.443037975	0.767489712	0.090909091	0.11627907	0.1	0.172413793
0.349367089	0.555555556	0.363636364	0.23255814	0.25	0.24137931
0.675949367	0.150205761	0.545454545	0.279069767	0.25	0.448275862
0.146835443	0.434156379	0.181818182	0.139534884	0.15	0.344827586
0.405063291	0.728395062	0.663636364	0.255813953	0.3	0.24137931
0.275949367	0.598765432	0.518181818	0.465116279	0.4	0.206896552
0.392405063	0.650205761	0.809090909	0.441860465	0.45	0.172413793
0.718987342	0.179012346	0.045454545	0.023255814	0.05	0.103448276
0.498734177	0.395061728	0.309090909	0.302325581	0.45	0.310344828
0.22278481	0.701646091	0.1	0.186046512	0.05	0.034482759
0.493670886	0.393004115	0.218181818	0.139534884	0.35	0.068965517
0.437974684	0.185185185	0.7	0.302325581	0.3	0.24137931
0.265822785	0.49382716	0.009090909	0.023255814	0	0.137931034
0.779746835	0.502057613	0.218181818	0.302325581	0.4	0.379310345
0.501265823	0.216049383	0.263636364	0.162790698	0.3	0.206896552
0.410126582	0.660493827	0.6	0.534883721	0.3	0.24137931
0.265822785	0.399176955	0.381818182	0.162790698	0.15	0.448275862
0.481012658	0.565843621	0.309090909	0.186046512	0.2	0.344827586
0.412658228	0.549382716	0.472727273	0.209302326	0.25	0.24137931
0.453164557	0.436213992	0.390909091	0.139534884	0.2	0.24137931
0.362025316	1	0.118181818	0.069767442	0.05	0.103448276
0.37721519	0.783950617	0.218181818	0.348837209	0.3	0.275862069
0.726582278	0.430041152	0.009090909	0.046511628	0.05	0.137931034
0.169620253	0.49382716	0.072727273	0.046511628	0.1	0.068965517
0.501265823	0.179012346	0.509090909	0.348837209	0.25	0.586206897
0	0.082304527	0.054545455	0.046511628	0	0
0.394936709	0.740740741	0.154545455	0.069767442	0.15	0.103448276
0.450632911	0.779835391	0.3	0.139534884	0.25	0.103448276
0.529113924	0.530864198	0.536363636	0.162790698	0.15	0.310344828
0.346835443	0.386831276	0.218181818	0.046511628	0.25	0.172413793
0.443037975	0.621399177	0.3	0.976744186	0.3	0.206896552
0.351898734	0.417695473	0.736363636	0.88372093	0.65	0.586206897
0.521518987	0.458847737	0.645454545	0.255813953	0.4	0.310344828
0.15443038	0.355967078	0.081818182	0.046511628	0.1	0.068965517
0.407594937	0.810699588	1	1	0.35	0.172413793
0.374683544	0.878600823	0.272727273	0.465116279	0.75	0.068965517
0.35443038	0.66872428	0.863636364	0.325581395	0.35	0.413793103
0.516455696	0.695473251	0.227272727	0.255813953	0.25	0.310344828
0.303797468	0.812757202	0.872727273	0.581395349	0.4	0.344827586
0.291139241	0.847736626	0.136363636	0.046511628	0.05	0.068965517
0.306329114	0.096707819	0.145454545	0.11627907	0.25	0.517241379
0.382278481	0.557613169	0.4	0.279069767	0.1	0.275862069
0.225316456	0	0.2	0.023255814	0.2	0.24137931
0.301265823	0.325102881	0.327272727	0.325581395	0.6	0.103448276
0.22278481	0.703703704	0.063636364	0.093023256	0.05	0.034482759
0.374683544	0.382716049	0.245454545	0.325581395	0.3	0.068965517
0.394936709	0.656378601	0.390909091	0.488372093	0.6	0.172413793
0.405063291	0.835390947	0.272727273	0.186046512	0.05	0.172413793
0.410126582	0.728395062	0.327272727	0.255813953	0.35	0.172413793
0.82278481	0.409465021	0.263636364	0.186046512	0.3	0.275862069
0.549367089	0.726337449	0.190909091	0.186046512	0.15	0.034482759
0.341772152	0.596707819	0.309090909	0.23255814	0.15	0.137931034
0.281012658	0.37037037	0.572727273	0.372093023	0.85	0.655172414
0.321518987	0.761316872	0.3	0.23255814	0.25	0.206896552
0.349367089	0.520576132	0.2	0.255813953	0.25	0.068965517
0.518987342	0.689300412	0.290909091	0.23255814	0.15	0.206896552
0.369620253	0.625514403	0.636363636	0.697674419	0.8	0.379310345
0.42278481	0.49382716	0.027272727	0.069767442	0.05	0.103448276
0.389873418	0.639917695	0.272727273	0.209302326	0.15	0.103448276
0.136708861	0.580246914	0.118181818	0.093023256	0.15	0.206896552
0.311392405	0.858024691	0.445454545	0.255813953	0.2	0.137931034
1	0.407407407	0	0	0	0.172413793
0.341772152	0.798353909	0.2	0.348837209	0.2	0.275862069
0.518987342	0.734567901	0.663636364	0.209302326	0.2	0.931034483
0.382278481	0.561728395	0.281818182	0.162790698	0.2	0.275862069
0.298734177	0.390946502	0.209090909	0.302325581	0.15	0.310344828
0.425316456	0.862139918	0.036363636	0.023255814	0.1	0.068965517
0.359493671	0.666666667	0.481818182	0.23255814	0.2	0.482758621
0.607594937	0.366255144	0.490909091	0.23255814	0.3	0.448275862
0.392405063	0.586419753	0.409090909	0.511627907	1	0.172413793
0.364556962	0.135802469	0.345454545	0.069767442	0.2	0.103448276
0.556962025	0.62345679	0.445454545	0.348837209	0.35	0.275862069
0.42278481	0.781893004	0.5	0.279069767	0.3	0.137931034
0.481012658	0.360082305	0.454545455	0.162790698	0.45	0.310344828
0.37721519	0.372427984	0.718181818	0.279069767	0.3	0.310344828
0.164556962	0.794238683	0.263636364	0.093023256	0.35	0.034482759
0.065822785	0.683127572	0.2	0.11627907	0.3	0.379310345
0.351898734	0.75308642	0.327272727	0.279069767	0.45	0.103448276
0.121518987	0.49382716	0.009090909	0.023255814	0.05	0.103448276
