0.466814159	0.447552448	0.810781078	0.933333333	0.169014085	0.523809524
0.696902655	0.321678322	0.874587459	0.426666667	0.197183099	0.571428571
0.871681416	0.43006993	0.678767877	0.72	0.746478873	0.761904762
0.542035398	0.111888112	0.701870187	0.306666667	0.014084507	0.142857143
0.548672566	0.734265734	0.819581958	0.306666667	0.028169014	0.142857143
0.663716814	0.458041958	0.942794279	0.4	0.422535211	0.238095238
0.924778761	0.304195804	0.841584158	0.2	0.084507042	0.095238095
0.721238938	0.520979021	0.910891089	0.266666667	0.084507042	0.142857143
1	0.65034965	0.872387239	0.426666667	0.169014085	0.19047619
0.849557522	0.325174825	0.9559956	0.266666667	0.112676056	0.333333333
0.796460177	0.318181818	0.871287129	0.426666667	0.295774648	0.666666667
0.889380531	0.388111888	0.932893289	0.986666667	0.408450704	0.523809524
0.878318584	0	0.785478548	0.226666667	0.042253521	0.19047619
0.818584071	0.594405594	0.816281628	0.64	0.535211268	0.523809524
0.889380531	0.412587413	0.848184818	0.4	0.154929577	0.19047619
0.924778761	0.772727273	0.785478548	0.013333333	0.028169014	0
0.853982301	0.496503497	0.885588559	0.226666667	0.112676056	0.238095238
0.75	0.437062937	0.946094609	0.226666667	0.084507042	0.285714286
0.765486726	0.108391608	0.750275028	0.373333333	0.070422535	0.476190476
0.592920354	0.062937063	0.754675468	0.213333333	0.084507042	0.19047619
0.619469027	0.678321678	0.789878988	0.253333333	0.211267606	0.857142857
0.840707965	0.629370629	0.765676568	0	0.098591549	0.047619048
0.842920354	0.265734266	0.96039604	0.573333333	0.225352113	0.428571429
0.719026549	0.632867133	0.886688669	0.066666667	0.112676056	0.19047619
0.829646018	0.143356643	0.940594059	0.32	0.098591549	0.238095238
0.800884956	0.664335664	0.850385039	0.64	0.225352113	0.666666667
0.568584071	0.391608392	0.733773377	0.133333333	0.014084507	0.095238095
0.553097345	0.618881119	0.733773377	0.386666667	0.112676056	0.285714286
0.581858407	0.391608392	0.789878988	0.453333333	0.070422535	0.238095238
0.64159292	0.213286713	0.825082508	0.066666667	0.014084507	0
0.796460177	0.496503497	0.897689769	0.52	0.183098592	0.428571429
0.699115044	0.412587413	0.733773377	0.08	0	0
0.754424779	0.559440559	0.735973597	1	0.478873239	0.714285714
0.807522124	0.244755245	0.814081408	0.746666667	0.577464789	0.380952381
0.865044248	0.597902098	0.829482948	0.373333333	0.126760563	0.380952381
0.67920354	0.496503497	0.880088009	0.8	0.366197183	0.666666667
0.767699115	0.286713287	0.751375138	0.493333333	0.23943662	0.333333333
0.834070796	0.451048951	0.886688669	0.56	0.563380282	0.619047619
0.922566372	0.538461538	0.776677668	0.666666667	0.169014085	0.285714286
0.887168142	0.520979021	0.783278328	0.333333333	0.098591549	0.285714286
0.871681416	0.272727273	0.717271727	0.44	0.394366197	0.380952381
0.747787611	0.43006993	0.828382838	0.333333333	0.112676056	0.333333333
0.590707965	0.583916084	0.685368537	0.173333333	0.098591549	0.142857143
0.71460177	0.262237762	0.940594059	0.226666667	0.056338028	0.19047619
0.701327434	0.381118881	0.774477448	0.533333333	0.253521127	0.476190476
0.865044248	0.566433566	0.875687569	0.32	0.338028169	0.380952381
0.754424779	0.314685315	0.874587459	0.52	0.211267606	0.285714286
0.761061947	0.447552448	0.800880088	0.16	0.084507042	0.238095238
0.780973451	0.122377622	0.676567657	0.293333333	0.112676056	0.238095238
0	0.601398601	0.748074807	0.533333333	0.070422535	0.238095238
0.842920354	0.458041958	0.883388339	0.44	0.169014085	0.428571429
0.692477876	0.527972028	0.833883388	0.226666667	0.323943662	0.380952381
0.783185841	0.262237762	0.862486249	0.333333333	0.098591549	0.285714286
0.369469027	0.800699301	0	0.28	0.112676056	0.142857143
0.584070796	0.363636364	0.585258526	0.813333333	0.436619718	0.619047619
0.712389381	0.517482517	0.862486249	0.906666667	0.323943662	1
0.865044248	0.667832168	0.96039604	0.893333333	0.746478873	0.571428571
0.915929204	0.335664336	0.947194719	0.413333333	0.267605634	0.428571429
0.659292035	0.20979021	0.794279428	0.28	0.253521127	0.285714286
0.845132743	0.468531469	0.908690869	0.4	0.098591549	0.285714286
0.316371681	0.41958042	0.706270627	0.453333333	0.14084507	0.238095238
0.898230088	0.853146853	0.828382838	0.973333333	1	0.761904762
0.765486726	0.307692308	0.891089109	0.453333333	0.098591549	0.19047619
0.776548673	0.167832168	0.628162816	0.493333333	0.098591549	0.285714286
0.396017699	0.377622378	0.880088009	0.093333333	0.014084507	0.047619048
0.951327434	0.090909091	0.935093509	0.226666667	0.028169014	0.095238095
0.712389381	0.339160839	0.897689769	0.746666667	0.394366197	0.476190476
0.951327434	0.583916084	0.931793179	0.28	0.281690141	0.238095238
0.842920354	0.437062937	0.837183718	0.426666667	0.126760563	0.380952381
0.933628319	0.367132867	0.932893289	0.426666667	0.23943662	0.238095238
0.860619469	0.328671329	0.866886689	0.6	0.14084507	0.333333333
0.60619469	0.531468531	0.627062706	0.493333333	0.070422535	0.523809524
0.692477876	0.237762238	0.820682068	0.413333333	0.183098592	0.142857143
0.681415929	1	0.96259626	0.28	0.070422535	0.142857143
0.862831858	0.398601399	0.781078108	0.4	0.084507042	0.142857143
0.752212389	0.356643357	0.97469747	0.12	0.169014085	0.19047619
0.798672566	0.727272727	0.883388339	0.906666667	0.690140845	0.380952381
0.696902655	0.367132867	0.753575358	0.373333333	0.112676056	0.238095238
0.692477876	0.437062937	0.807480748	0.293333333	0.098591549	0.238095238
0.85619469	0.321678322	0.853685369	0.773333333	0.211267606	0.619047619
0.805309735	0.34965035	0.95049505	0.813333333	0.464788732	0.857142857
0.542035398	0.465034965	0.743674367	0.173333333	0.028169014	0.142857143
0.590707965	0.468531469	0.726072607	0.36	0.028169014	0.142857143
0.873893805	0.367132867	0.865786579	0.2	0.112676056	0.238095238
0.665929204	0.27972028	0.855885589	0.08	0.014084507	0.047619048
0.681415929	0.472027972	0.797579758	0.28	0.225352113	0.238095238
0.716814159	0.699300699	0.871287129	0.28	0.056338028	0.142857143
0.834070796	0.216783217	0.893289329	0.52	0.169014085	0.666666667
0.670353982	0.094405594	0.451045105	0.213333333	0.084507042	0.285714286
0.730088496	0.43006993	0.904290429	0.706666667	0.38028169	0.571428571
0.305309735	0.178321678	0.799779978	0.16	0.028169014	0.19047619
0.650442478	0.020979021	0.804180418	0.146666667	0.028169014	0.19047619
0.648230088	0.395104895	0.412541254	0.12	0.028169014	0.142857143
0.818584071	0.513986014	0.938393839	0.28	0.084507042	0.19047619
0.681415929	0.272727273	0.902090209	0.426666667	0.295774648	0.380952381
0.940265487	0.031468531	1	0.16	0.028169014	0.095238095
0.825221239	0.276223776	0.875687569	0.306666667	0.112676056	0.238095238
0.827433628	0.472027972	0.869086909	0.746666667	0.23943662	0.476190476
0.896017699	0.367132867	0.889988999	0.213333333	0.070422535	0.19047619
0.774336283	0.237762238	0.888888889	0.266666667	0.084507042	0.095238095
0.838495575	0.185314685	0.850385039	0.173333333	0.070422535	0.095238095
0.900442478	0.527972028	0.849284928	0.733333333	0.323943662	0.714285714
0.652654867	0.409090909	0.771177118	0.613333333	0.887323944	0.523809524
0.634955752	0.426573427	0.513751375	0.226666667	0.098591549	0.19047619
0.816371681	0.377622378	0.871287129	0.493333333	0.197183099	0.476190476
0.745575221	0.472027972	0.864686469	0.693333333	0.197183099	0.285714286
0.765486726	0.283216783	0.720572057	0.266666667	0.14084507	0.428571429
