0.732696897	0.45631068	0.560669456	0.27027027	0.208333333	0.223880597
0.821002387	0.378640777	0.736401674	0.234234234	0.25	0.208955224
0.840095465	0.572815534	0.589958159	0.072072072	0.416666667	0.492537313
0.792362768	0.383495146	0.621338912	0.531531532	0.625	0.388059701
0.844868735	0.529126214	0.744769874	0.423423423	0.541666667	0.507462687
0.756563246	0.553398058	0.874476987	0.243243243	0.208333333	0.208955224
0.835322196	0.09223301	0.59832636	0.315315315	0.333333333	0.23880597
0.255369928	0.660194175	0.732217573	0.243243243	0.208333333	0.119402985
0.899761337	0.40776699	0.60251046	0.162162162	0.208333333	0.164179104
0.775656325	0.800970874	0.69665272	0.90990991	1	0.567164179
0.374701671	0.048543689	0.372384937	0.027027027	0	0.059701493
0.754176611	0.932038835	0.472803347	0.171171171	0.208333333	0.298507463
0.711217184	0.305825243	0.738493724	0.522522523	0.291666667	0.268656716
0.718377088	0.825242718	0.707112971	0.504504505	0.5	0.641791045
0.718377088	0	0.378661088	0.108108108	0.25	0.119402985
0.673031026	0.441747573	0.257322176	0.153153153	0.166666667	0.179104478
0.766109785	0.334951456	0.265690377	0.09009009	0.125	0.104477612
0.787589499	0.878640777	0.556485356	0.45045045	0.583333333	0.402985075
0.744630072	0.757281553	0.761506276	0.234234234	0.5	0.268656716
0.708830549	0.597087379	0.60251046	0.306306306	0.25	0.223880597
0.69928401	0.548543689	0.671548117	0.72972973	0.458333333	0.417910448
0.642004773	0.689320388	0.606694561	0.657657658	0.333333333	0.432835821
0.761336516	0.800970874	0.468619247	0.396396396	0.375	0.194029851
0.792362768	0.252427184	0.650627615	0.099099099	0.208333333	0.134328358
0.195704057	0.475728155	0.548117155	0.063063063	0.083333333	0.119402985
0.661097852	0.616504854	0.554393305	0.306306306	0.166666667	0.402985075
0.472553699	0.446601942	0	0.486486486	0.583333333	0.507462687
0.737470167	0.791262136	0.592050209	0.495495495	0.666666667	0.731343284
0.374701671	0.558252427	0.238493724	0.099099099	0.291666667	0.164179104
0.742243437	0.27184466	0.426778243	0.198198198	0.083333333	0.029850746
0.799522673	0.237864078	1	0.027027027	0.083333333	0.059701493
0.494033413	0.223300971	0.30334728	0.126126126	0	0.059701493
0.775656325	0.781553398	0.617154812	0.369369369	0.416666667	0.47761194
0.658711217	0.796116505	0.472803347	0.612612613	0.625	0.388059701
0.713603819	0.626213592	0.592050209	0.756756757	0.291666667	0.567164179
0.627684964	0.519417476	0.577405858	0.198198198	0.666666667	0.402985075
0.782816229	0.558252427	0.581589958	0.117117117	0.166666667	0.194029851
0.730310263	0.830097087	0.686192469	0.513513514	0.5	0.358208955
0	0.601941748	0.087866109	0.18018018	0.25	0.194029851
0.797136038	0.611650485	0.59623431	0.459459459	0.25	0.402985075
0.727923628	0.723300971	0.732217573	0.513513514	0.25	0.507462687
0.696897375	0.830097087	0.736401674	0.594594595	0.666666667	0.28358209
0.706443914	0.72815534	0.550209205	0.495495495	0.625	0.373134328
0.704057279	0.422330097	0.324267782	0.162162162	0.083333333	0.119402985
0.906921241	0.441747573	0.690376569	0.288288288	0.291666667	0.23880597
0.758949881	0.368932039	0.650627615	0.108108108	0.166666667	0.104477612
0.835322196	0.344660194	0.738493724	0.144144144	0.125	0.164179104
0.618138425	0.757281553	0.514644351	0.846846847	0.708333333	0.597014925
0.622911695	0.621359223	0.612970711	0.171171171	0.25	0.328358209
0.942720764	0.310679612	0.468619247	0.387387387	0.333333333	0.298507463
0.782816229	0.398058252	0.531380753	0.459459459	0.166666667	0.343283582
0.775656325	0.548543689	0.481171548	0.666666667	0.625	0.552238806
0.692124105	0.40776699	0.658995816	0.495495495	0.458333333	0.552238806
0.849642005	0.378640777	0.012552301	0.738738739	0.333333333	0.358208955
0.804295943	0.616504854	0.608786611	0.612612613	0.583333333	0.626865672
0.751789976	0.606796117	0.709205021	0.495495495	0.583333333	0.462686567
0.761336516	0.446601942	0.606694561	0.261261261	0.291666667	0.28358209
0.665871122	0.325242718	0.265690377	0.243243243	0.541666667	0.417910448
0.816229117	0.810679612	0.460251046	0.387387387	0.625	0.358208955
0.312649165	0.485436893	0.085774059	0.063063063	0.041666667	0.059701493
0.527446301	0.519417476	0.378661088	0.513513514	0.75	0.850746269
0.758949881	0.733009709	0.612970711	0.486486486	0.583333333	0.358208955
0.6849642	0.684466019	0.556485356	0.459459459	0.666666667	0.462686567
0.863961814	0.567961165	0.579497908	0.342342342	0.375	0.253731343
0.589498807	0.640776699	0.280334728	0.234234234	0.208333333	0.313432836
0.587112172	0.325242718	0.40167364	0.072072072	0.125	0.119402985
0.568019093	0.558252427	0.39748954	0.261261261	0.291666667	0.268656716
0.737470167	0.427184466	0.458158996	0.243243243	0.416666667	0.582089552
0.911694511	0.810679612	0.769874477	0.108108108	0.291666667	0.23880597
0.603818616	0.509708738	0.322175732	0.144144144	0.208333333	0.119402985
0.465393795	0.63592233	0.156903766	1	0.708333333	0.641791045
0.954653938	0.446601942	0.543933054	0.441441441	0.25	0.417910448
0.787589499	0.218446602	0.464435146	0.189189189	0.166666667	0.194029851
0.756563246	0.59223301	0.558577406	0.441441441	0.541666667	0.358208955
0.558472554	0.655339806	0.740585774	0.369369369	0.291666667	0.537313433
0.687350835	0.291262136	0.585774059	0.720720721	0.916666667	0.552238806
0.84725537	0.650485437	0.644351464	0.234234234	0.291666667	0.462686567
0.584725537	0.708737864	0.667364017	0.207207207	0.416666667	0.343283582
0.601431981	0.417475728	0.581589958	0.117117117	0.333333333	0.164179104
0.613365155	0.626213592	0.661087866	0.693693694	0.833333333	1
0.646778043	0.597087379	0.562761506	0.153153153	0.25	0.149253731
0.775656325	0.334951456	0.552301255	0.171171171	0.291666667	0.268656716
0.668257757	0.660194175	0.516736402	0.18018018	0.458333333	0.223880597
0.295942721	0.742718447	0.638075314	0.234234234	0.458333333	0.402985075
0.701670644	0.63592233	0.717573222	0.279279279	0.25	0.253731343
0.904534606	1	0.79916318	0.648648649	0.875	0.582089552
0.804295943	0.441747573	0.80125523	0.135135135	0.375	0.208955224
0.446300716	0.800970874	0.579497908	0.63963964	0.375	0.358208955
0.892601432	0.5	0.142259414	0.036036036	0.125	0.059701493
0.6849642	0.373786408	0.79707113	0.459459459	0.208333333	0.373134328
0.747016706	0.59223301	0.577405858	0.738738739	0.625	0.447761194
1	0.087378641	0.071129707	0	0.083333333	0
0.742243437	0.660194175	0.617154812	0.306306306	0.666666667	0.537313433
0.472553699	0.354368932	0.510460251	0.108108108	0.208333333	0.164179104
0.649164678	0.54368932	0.627615063	0.225225225	0.25	0.253731343
